Final average pseudo-regret at t=2000 for p=0.25:
  FTL: 0.200
  Hedge_fixed(0.026327688477341595): 26.000
  Hedge_fixed(0.05265537695468319): 13.400
  Hedge_anytime(1.0): 4.600
  Hedge_anytime(2.0): 1.400
--------------------------------------------------

Final average pseudo-regret at t=2000 for p=0.375:
  FTL: 1.800
  Hedge_fixed(0.026327688477341595): 26.800
  Hedge_fixed(0.05265537695468319): 15.500
  Hedge_anytime(1.0): 13.800
  Hedge_anytime(2.0): 5.700
--------------------------------------------------

Final average pseudo-regret at t=2000 for p=0.4375:
  FTL: 5.100
  Hedge_fixed(0.026327688477341595): 29.700
  Hedge_fixed(0.05265537695468319): 13.100
  Hedge_anytime(1.0): 20.300
  Hedge_anytime(2.0): 11.700
--------------------------------------------------

Final average regret at t=2000 (adversarial):
  FTL: 1000.000
  Hedge_fixed(0.026327688477341595): -3.200
  Hedge_fixed(0.05265537695468319): 29.900
  Hedge_anytime(1.0): 16.200
  Hedge_anytime(2.0): 13.500